2.69817
1.95483
1.86870
2.17600
1.90058
1.80970
2.05112
1.79606
2.01475
1.76448
1.74925
1.85706
1.89690
2.13020
2.06528
1.94499
1.88133
1.71011
2.05657
2.12257
1.99222
2.46633
1.84450
1.86437
1.80064
1.87548
2.38396
1.76536
1.83643
1.70893
1.92782
1.80995
1.68991
1.75288
1.84149
2.26213
1.82364
2.07269
1.89069
1.98443
1.88630
1.83627
2.46495
2.01510
1.60422
1.90090
1.74647
1.85352
1.82151
1.78060
1.83675
2.08416
1.80739
1.98568
1.77371
1.87813
2.17330
1.80058
1.88627
1.86439
1.77807
1.76295
1.70532
1.78820
2.21186
1.86035
3.14138
1.82672
1.87071
2.14657
1.80876
1.90947
1.71297
1.85663
1.66130
1.70384
1.86933
1.84808
1.89229
1.74482
1.68837
1.71525
2.39978
1.74617
1.91989
1.92306
2.03920
1.78150
2.18921
1.68808
1.75817
1.79359
1.80432
1.80991
1.97435
1.68656
1.92356
1.93754
2.21186
1.92433
1.82116
1.52643
1.52735
1.57461
1.54256
1.49558
1.50344
1.54071
1.49807
1.51073
1.50239
1.50921
1.49540
1.50980
1.44492
1.50310
1.47838
1.50674
1.47984
1.51668
1.53058
1.82116
1.51378
1.53067
1.52019
1.52749
1.67028
1.53021
1.50452
1.52080
1.49844
1.49213
1.53230
1.50592
1.49727
1.63352
1.49669
1.55772
1.48348
1.49292
1.51271
1.51812
1.67028
1.51572
1.51504
1.52472
1.52070
1.47047
1.51040
1.51789
1.52756
1.55958
1.51905
1.51572
1.53130
1.51767
1.54486
1.54052
1.51921
1.52241
1.48871
1.49794
1.50524
1.52951
1.60133
1.50362
2.15443
1.51072
1.49560
1.57461
1.49291
1.51579
1.52041
1.51482
1.50559
1.50878
1.52819
1.50651
1.50505
1.50916
1.51732
1.53027
1.63352
1.50125
1.50880
1.47610
1.53610
1.52595
1.48599
1.52521
1.49997
1.52606
1.50757
1.51582
1.46326
1.52556
1.53566
1.50024
1.60133
1.53192
1.93434
1.44225
1.45887
1.59272
1.49228
1.31921
1.57002
1.37545
1.41678
1.34792
1.39704
1.35084
1.40740
1.50270
1.44492
1.47142
1.44663
1.40240
1.47164
1.47984
1.53812
1.89883
1.37837
1.38856
1.43210
1.40204
1.74110
1.41948
1.44167
1.39691
1.37701
1.34011
1.41461
1.38816
1.38342
1.60352
1.38725
1.45375
1.31246
1.41421
1.44106
1.46973
1.80198
1.43873
1.33417
1.47916
1.37760
1.41656
1.43609
1.43305
1.45887
1.47984
1.42316
1.46964
1.44512
1.37521
1.57461
1.45986
1.47375
1.41879
1.32932
1.40966
1.38105
1.41327
1.56507
1.43272
2.15443
1.45233
1.42173
1.59272
1.41235
1.47396
1.39739
1.38337
1.36205
1.40199
1.41117
1.30642
1.42896
1.41183
1.41299
1.43707
1.69838
1.32867
1.48038
1.41048
1.52335
1.34917
1.49892
1.40850
1.36021
1.40359
1.38616
1.45593
1.44247
1.40181
1.35409
1.40063
1.56507
1.44850
2.14070
1.74350
1.76739
1.90186
1.73798
1.70780
1.75865
1.72603
1.81805
1.70297
1.66501
1.71428
1.76227
1.89171
1.74507
1.79448
1.73343
1.65768
1.82490
1.68506
1.75485
2.18994
1.75319
1.70359
1.66369
1.76267
1.93318
1.70343
1.74458
1.64755
1.71532
1.70723
1.64346
1.69065
1.67165
1.84152
1.67759
1.74881
1.67627
1.80691
1.77333
1.71358
1.80198
1.77927
1.58759
1.78993
1.67552
1.76775
1.69497
1.70936
1.73081
1.87229
1.71373
1.79744
1.71148
1.76511
1.79482
1.71982
1.77387
1.75291
1.71506
1.70110
1.64996
1.67640
1.83479
1.74988
2.28943
1.71075
1.69013
1.88639
1.69513
1.76674
1.64520
1.74065
1.61333
1.65629
1.72219
1.71721
1.68376
1.67688
1.64592
1.66922
1.77239
1.67548
1.78414
1.74277
1.76458
1.68759
1.77722
1.64642
1.65481
1.67085
1.66473
1.72725
1.72479
1.63924
1.78381
1.68901
1.83479
1.69717
