1.82116
1.52643
1.52735
1.57461
1.54256
1.49558
1.50344
1.54071
1.49807
1.51073
1.50239
1.50921
1.49540
1.50980
1.44492
1.50310
1.47838
1.50674
1.47984
1.51668
1.53058
1.82116
1.51378
1.53067
1.52019
1.52749
1.67028
1.53021
1.50452
1.52080
1.49844
1.49213
1.53230
1.50592
1.49727
1.63352
1.49669
1.55772
1.48348
1.49292
1.51271
1.51812
1.67028
1.51572
1.51504
1.52472
1.52070
1.47047
1.51040
1.51789
1.52756
1.55958
1.51905
1.51572
1.53130
1.51767
1.54486
1.54052
1.51921
1.52241
1.48871
1.49794
1.50524
1.52951
1.60133
1.50362
2.15443
1.51072
1.49560
1.57461
1.49291
1.51579
1.52041
1.51482
1.50559
1.50878
1.52819
1.50651
1.50505
1.50916
1.51732
1.53027
1.63352
1.50125
1.50880
1.47610
1.53610
1.52595
1.48599
1.52521
1.49997
1.52606
1.50757
1.51582
1.46326
1.52556
1.53566
1.50024
1.60133
1.53192
