1.93434
1.44225
1.45887
1.59272
1.49228
1.31921
1.57002
1.37545
1.41678
1.34792
1.39704
1.35084
1.40740
1.50270
1.44492
1.47142
1.44663
1.40240
1.47164
1.47984
1.53812
1.89883
1.37837
1.38856
1.43210
1.40204
1.74110
1.41948
1.44167
1.39691
1.37701
1.34011
1.41461
1.38816
1.38342
1.60352
1.38725
1.45375
1.31246
1.41421
1.44106
1.46973
1.80198
1.43873
1.33417
1.47916
1.37760
1.41656
1.43609
1.43305
1.45887
1.47984
1.42316
1.46964
1.44512
1.37521
1.57461
1.45986
1.47375
1.41879
1.32932
1.40966
1.38105
1.41327
1.56507
1.43272
2.15443
1.45233
1.42173
1.59272
1.41235
1.47396
1.39739
1.38337
1.36205
1.40199
1.41117
1.30642
1.42896
1.41183
1.41299
1.43707
1.69838
1.32867
1.48038
1.41048
1.52335
1.34917
1.49892
1.40850
1.36021
1.40359
1.38616
1.45593
1.44247
1.40181
1.35409
1.40063
1.56507
1.44850
