2.14070
1.74350
1.76739
1.90186
1.73798
1.70780
1.75865
1.72603
1.81805
1.70297
1.66501
1.71428
1.76227
1.89171
1.74507
1.79448
1.73343
1.65768
1.82490
1.68506
1.75485
2.18994
1.75319
1.70359
1.66369
1.76267
1.93318
1.70343
1.74458
1.64755
1.71532
1.70723
1.64346
1.69065
1.67165
1.84152
1.67759
1.74881
1.67627
1.80691
1.77333
1.71358
1.80198
1.77927
1.58759
1.78993
1.67552
1.76775
1.69497
1.70936
1.73081
1.87229
1.71373
1.79744
1.71148
1.76511
1.79482
1.71982
1.77387
1.75291
1.71506
1.70110
1.64996
1.67640
1.83479
1.74988
2.28943
1.71075
1.69013
1.88639
1.69513
1.76674
1.64520
1.74065
1.61333
1.65629
1.72219
1.71721
1.68376
1.67688
1.64592
1.66922
1.77239
1.67548
1.78414
1.74277
1.76458
1.68759
1.77722
1.64642
1.65481
1.67085
1.66473
1.72725
1.72479
1.63924
1.78381
1.68901
1.83479
1.69717
