53
3114
22113
231
4222
23950
1318
67934
547
85577
71953
10774
4117
424
331
2931
1966
133816
320
412
1962
37
33107
21306
39598
12494
77
86426
30729
131800
5080
24007
174132
74995
17487
134
27288
706
7459
947
13620
16711
91
1104
217204
8043
69701
5649
26752
57644
16781
356
23437
953
94987
12761
229
39577
13616
11430
31555
84098
125815
62501
259
11064
31
28081
12025
210
42940
4486
138836
5783
195330
123431
11893
18516
7548
68396
170506
142953
191
69462
4815
2558
299
58201
241
169829
79656
36899
41083
43435
900
166348
2566
2799
259
9548
11
160
877
24
280
937
59
3687
38
3835
3433
480
187
27
19
133
109
8257
23
28
108
11
1151
908
1880
575
13
4955
1037
10130
192
901
18320
3598
638
19
949
54
250
55
497
796
13
64
49097
367
4374
221
1108
2777
879
35
1221
64
5026
522
21
2388
530
547
1290
3235
8079
3210
27
454
10
1112
419
24
1357
223
10073
335
18405
8507
579
704
306
3756
14615
11611
19
3381
210
107
31
3071
16
16465
3324
2015
1618
1785
45
16552
172
130
27
392
14
81
421
26
182
111
91
427
23
392
802
91
85
26
19
103
84
1703
22
23
114
13
234
191
642
159
16
1103
502
1562
64
145
2915
706
180
17
261
29
45
32
240
474
19
38
1801
240
606
131
470
931
421
23
403
47
1578
119
24
907
336
190
168
960
1215
715
23
220
10
569
196
26
500
155
1574
94
1662
1692
349
72
148
990
2839
2914
24
294
164
62
29
296
17
2639
470
447
357
864
39
2365
38
57
23
179
21
789
9064
90
1320
8942
283
31909
217
42086
26812
3245
1581
164
86
1115
736
67455
123
65
486
23
13967
5033
9535
4927
27
42312
12845
58945
1113
8891
91719
36396
3718
39
6602
153
1383
371
5393
5527
19
318
165661
3465
30408
2910
7866
26535
6486
151
9485
352
46500
5030
60
17325
5418
4533
16482
41173
60872
18331
70
4417
12
9208
2623
85
13355
1634
57122
2344
96678
66225
3477
5717
1472
30907
94926
78582
31
30392
1856
785
94
20801
56
95589
23712
10301
9642
18724
233
86458
1038
539
70
1645
