53
3114
22113
231
4222
23950
1318
67934
547
85577
71953
10774
4117
424
331
2931
1966
133816
320
412
1962
37
33107
21306
39598
12494
77
86426
30729
131800
5080
24007
174132
74995
17487
134
27288
706
7459
947
13620
16711
91
1104
217204
8043
69701
5649
26752
57644
16781
356
23437
953
94987
12761
229
39577
13616
11430
31555
84098
125815
62501
259
11064
31
28081
12025
210
42940
4486
138836
5783
195330
123431
11893
18516
7548
68396
170506
142953
191
69462
4815
2558
299
58201
241
169829
79656
36899
41083
43435
900
166348
2566
2799
259
9548
