29
1840
13209
129
2458
13489
794
40997
320
52929
41998
6219
2367
261
197
1766
1104
82237
186
251
1186
21
19832
12650
23641
7419
41
53591
18263
80331
3024
13525
109720
44531
10387
71
15883
418
4473
562
8159
9832
49
640
167774
4731
40083
3228
15495
33464
9883
207
13107
566
57792
7574
137
22306
8156
6684
17571
51736
74433
37328
151
6391
17
16427
7102
123
26026
2645
87045
3324
128948
72091
6966
10698
4532
38959
105094
83272
119
39893
2862
1510
168
33910
149
103926
48201
21637
24743
26384
526
100211
1469
1680
151
5767
5
92
525
13
166
562
34
2169
20
2305
2040
279
106
13
10
78
64
4961
12
15
62
5
690
533
1120
345
6
2989
621
6096
107
541
11176
2174
385
9
565
29
144
30
298
478
6
37
30979
224
2591
128
664
1682
514
19
729
34
3046
313
10
1418
317
321
775
1946
4861
1888
14
266
4
662
246
12
815
130
6078
198
11055
5161
333
424
176
2307
8937
7007
9
2018
121
65
16
1800
8
9972
1990
1195
970
1072
24
10097
98
77
14
241
7
46
247
13
107
65
53
251
12
227
494
53
48
13
10
57
48
1048
11
12
64
6
138
112
385
93
8
666
299
953
36
84
1768
428
107
8
157
15
24
17
139
283
9
21
1110
141
361
76
279
578
257
12
241
25
964
71
12
540
199
110
98
586
741
425
11
134
4
342
114
13
300
90
965
52
1013
1031
205
43
89
596
1753
1772
12
175
95
35
15
176
9
1643
280
271
209
520
20
1454
20
31
11
105
12
452
5428
53
755
5034
170
19047
122
25589
15461
1856
919
94
49
680
424
38506
68
38
281
11
8377
2963
5621
2917
16
25815
7685
34514
654
5023
54245
21325
2202
22
3899
86
825
223
3246
3161
9
189
107088
2083
17161
1757
4532
15409
3836
84
5332
206
27658
3012
33
9879
3271
2661
9684
24974
35502
10656
37
2609
5
5189
1556
47
7466
947
33707
1374
59959
37929
1969
3295
864
17391
55742
44814
18
17180
1115
458
53
11816
31
56002
13980
6015
5669
11275
134
51651
594
323
37
1003
