2.69817
1.95483
1.86870
2.17600
1.90058
1.80970
2.05112
1.79606
2.01475
1.76448
1.74925
1.85706
1.89690
2.13020
2.06528
1.94499
1.88133
1.71011
2.05657
2.12257
1.99222
2.46633
1.84450
1.86437
1.80064
1.87548
2.38396
1.76536
1.83643
1.70893
1.92782
1.80995
1.68991
1.75288
1.84149
2.26213
1.82364
2.07269
1.89069
1.98443
1.88630
1.83627
2.46495
2.01510
1.60422
1.90090
1.74647
1.85352
1.82151
1.78060
1.83675
2.08416
1.80739
1.98568
1.77371
1.87813
2.17330
1.80058
1.88627
1.86439
1.77807
1.76295
1.70532
1.78820
2.21186
1.86035
3.14138
1.82672
1.87071
2.14657
1.80876
1.90947
1.71297
1.85663
1.66130
1.70384
1.86933
1.84808
1.89229
1.74482
1.68837
1.71525
2.39978
1.74617
1.91989
1.92306
2.03920
1.78150
2.18921
1.68808
1.75817
1.79359
1.80432
1.80991
1.97435
1.68656
1.92356
1.93754
2.21186
1.92433
