29
1840
13209
129
2458
13489
794
40997
320
52929
41998
6219
2367
261
197
1766
1104
82237
186
251
1186
21
19832
12650
23641
7419
41
53591
18263
80331
3024
13525
109720
44531
10387
71
15883
418
4473
562
8159
9832
49
640
167774
4731
40083
3228
15495
33464
9883
207
13107
566
57792
7574
137
22306
8156
6684
17571
51736
74433
37328
151
6391
17
16427
7102
123
26026
2645
87045
3324
128948
72091
6966
10698
4532
38959
105094
83272
119
39893
2862
1510
168
33910
149
103926
48201
21637
24743
26384
526
100211
1469
1680
151
5767
